1.000000 0.043298 0.024098 0.016686 
1.000000 0.573857 0.406608 0.268987 
1.000000 1.372189 1.405456 1.587039 
1.000000 1.606986 1.922485 1.998243 
1.000000 1.559433 1.800782 1.812482 

1.000000 0.046750 0.022708 0.015883 
1.000000 0.614944 0.358405 0.239282
1.000000 0.691334 0.483072 0.300515 
1.000000 1.573139 1.133886 1.209937
1.000000 1.393793 1.588115 1.537348 
1.000000 1.635190 1.616426 2.016389
1.000000 1.625330 1.882905 2.073525 
1.000000 1.741825 1.718324 1.957299
1.000000 1.799180 1.794725 1.949990 
1.000000 1.691810 1.813357 2.286839
1.000000 1.786264 1.913357 2.486839 
